%"Freq [GHz]","Zc(olms) []","loss(dB/mm) []","neff []","gamma []"
active_data = [
1	69.4281807714713 - 51.8494295488911i	149.895990967383 + 197.745996872825i	1.301996578	9.435144049
2	55.2413976282089 - 34.2106167148988i	200.219185554914 + 313.314942308816i	1.739103846	7.474668667
3	49.5191664468777 - 26.2447024701202i	233.835191630077 + 419.710153349682i	2.031092474	6.675273362
4	46.4167996019711 - 21.4447156161265i	259.216340760617 + 522.728688318485i	2.251553136	6.235297492
5	44.492227442452 - 18.1561354393485i	279.792982478762 + 624.204445364554i	2.430281846	5.956589718
6	43.2008602546523 - 15.7308145435722i	297.330954496853 + 724.859597018148i	2.582616671	5.764258882
7	42.2886354053844 - 13.8539439097324i	312.847525336267 + 825.003696329269i	2.717393605	5.623396275
8	41.6205863062882 - 12.3511757564527i	326.96755953909 + 924.773173561255i	2.840040222	5.515515006
9	41.1183187389438 - 11.1169657532462i	340.090845929441 + 1024.22801886081i	2.954029088	5.429939333
10	40.7331989521021 - 10.0831533807286i	352.480402349211 + 1123.39468474117i	3.061644775	5.360103791
11	40.4334785698552 - 9.20349245868317i	364.31292107719 + 1222.28609387076i	3.164422032	5.30177167
12	40.1975708136666 - 8.44535226750891i	375.70928264902 + 1320.91105421997i	3.263410829	5.252102137
13	40.0103009906689 - 7.78496007958291i	386.753777227412 + 1419.27852151715i	3.359343309	5.209129002
14	39.8607021051518 - 7.20452736222006i	397.50654353763 + 1517.39925761372i	3.452741837	5.171454002
15	39.7406624427439 - 6.69043758368738i	408.011784601547 + 1615.2861598053i	3.543990361	5.138058533
16	39.644064103873 - 6.23206120965853i	418.303210197974 + 1712.95399517343i	3.633381684	5.108184221
17	39.5662156535114 - 5.8209585131859i	428.407662687113 + 1810.41885419265i	3.721148958	5.081254845
18	39.5034695984045 - 5.45032789046585i	438.347515310093 + 1907.6975606311i	3.807486518	5.056824178
19	39.452956332511 - 5.11461580429633i	448.142232175365 + 2004.80711175997i	3.892563429	5.034540373
20	39.4123961065645 - 4.80923555845225i	457.809372447731 + 2101.76421661034i	3.976532209	5.01412126
21	39.3799624469665 - 4.53036042590571i	467.365212450291 + 2198.58493177425i	4.059534235	4.995336939
22	39.3541820487713 - 4.27476900806773i	476.825122885546 + 2295.2843949998i	4.141703017	4.977997312
23	39.3338593224604 - 4.03972803603176i	486.203775471961 + 2391.87665108966i	4.223165994	4.961943079
24	39.3180194427967 - 3.82290207760931i	495.5152573526 + 2488.37455349761i	4.304045525	4.947039117
25	39.3058641479379 - 3.62228319345816i	504.773112678055 + 2584.78971618464i	4.384459257	4.93316956
26	39.2967377122524 - 3.43613533235941i	513.990359184898 + 2681.13251796957i	4.46452026	4.9202341
27	39.2900998259225 - 3.2629499966188i	523.179477194472 + 2777.41214008144i	4.544336939	4.908145174
28	39.2855042831512 - 3.10141056927262i	532.352397972621 + 2873.63662311225i	4.624012929	4.896825783
29	39.2825819145671 - 2.95036307810192i	541.520490584009 + 2969.81293913024i	4.703646981	4.88620779
30	39.2810266777149 - 2.80879251772896i	550.694550698442 + 3065.94707354643i	4.783332867	4.876230576
31	39.280584785659 - 2.67580284980633i	559.884794318583 + 3162.04410831707i	4.863159323	4.866839951
32	39.2810454602068 - 2.55060066270136i	569.100858808464 + 3258.10830834186i	4.94321006	4.857987283
33	39.2822335426818 - 2.43248133683252i	578.351806669733 + 3354.14320417501i	5.023563793	4.84962877
34	39.2840035217523 - 2.3208173745728i	587.64613800609 + 3450.15166879766i	5.104294355	4.841724842
35	39.286234487641 - 2.21504848093874i	596.991802710819 + 3546.13599180004i	5.185470798	4.834239657
36	39.2888260460143 - 2.11467321396877i	606.396218663093 + 3642.09794769157i	5.267157555	4.82714067
37	39.2916948869536 - 2.01924168324836i	615.866291346422 + 3738.03885825845i	5.349414607	4.820398273
38	39.2947719526287 - 1.9283494083206i	625.408437526488 + 3833.95964726805i	5.432297688	4.813985475
39	39.2980001710514 - 1.84163194390295i	635.028605253554 + 3929.86089437726i	5.515858465	4.807877629
40	39.3013324279171 - 1.75876026028448i	644.732299805134 + 4025.74287639636i	5.600144756	4.802052196
41	39.3047299514289 - 1.67943673166616i	654.52460563097 + 4121.60561368201i	5.685200725	4.796488535
42	39.3081610023875 - 1.60339159971836i	664.410212343347 + 4217.44889965276i	5.771067104	4.791167712
43	39.3115996820334 - 1.5303799569316i	674.393435049296 + 4313.27233855756i	5.857781377	4.786072347
44	39.3150250210424 - 1.46017905608578i	684.478240220695 + 4409.07537013118i	5.945377995	4.78118646
45	39.3184201534177 - 1.3925859507035i	694.668264475002 + 4504.85729533368i	6.033888545	4.776495344
46	39.3217716792892 - 1.32741544469659i	704.966837334837 + 4600.61729992421i	6.123341949	4.771985453
47	39.3250690838789 - 1.26449827010815i	715.377000839943 + 4696.35447014668i	6.213764629	4.767644291
48	39.3283042598113 - 1.20367946501611i	725.9015277246 + 4792.06781245566i	6.30518067	4.763460325
49	39.3314711138873 - 1.14481697052896i	736.542940776 + 4887.75626712297i	6.397611984	4.759422899
50	39.3345652519971 - 1.08778034747226i	747.303528641869 + 4983.4187208553i	6.49107845	4.755522158
51	39.337583674256 - 1.03244968535556i	758.185362342153 + 5079.05401754486i	6.585598057	4.75174898
52	39.3405245571578 - 0.978714553363795i	769.190309195675 + 5174.66096877009i	6.681187026	4.748094916
53	39.3433870228265 - 0.926473177021913i	780.320048896025 + 5270.23836111215i	6.777859945	4.744552131
54	39.3461710028961 - 0.875631571702824i	791.576083722303 + 5365.784964902i	6.875629863	4.741113355
55	39.3488770883989 - 0.826102900582153i	802.959753566088 + 5461.2995381322i	6.974508419	4.737771839
56	39.3515063835403 - 0.777806794125454i	814.472246117095 + 5556.78083444045i	7.07450593	4.73452131
57	39.3540604543842 - 0.730668786295737i	826.114607239533 + 5652.22760492623i	7.175631478	4.731355934
58	39.3565411899074 - 0.684619809924608i	837.887751084027 + 5747.63860555692i	7.277893006	4.728270282
59	39.3589507748815 - 0.639595728714216i	849.792470476873 + 5843.01259715488i	7.381297399	4.7252593
60	39.3612915954614 - 0.595536922056066i	861.82944398912 + 5938.34835070594i	7.48585055	4.722318276
61	39.3635662141957 - 0.552387908249314i	873.999244426636 + 6033.6446473543i	7.591557437	4.719442817
62	39.3657773109332 - 0.510097008373254i	886.302347445062 + 6128.90028310219i	7.69842219	4.716628822
63	39.3679276541573 - 0.468616030477081i	898.739136932671 + 6224.11406884i	7.806448143	4.713872466
64	39.3700200692066 - 0.427900000955851i	911.309912695404 + 6319.28483235954i	7.915637902	4.711170171
65	39.3720574189184 - 0.387906905728195i	924.014895542891 + 6414.41141978385i	8.025993383	4.708518596
66	39.3740425725044 - 0.348597453776227i	936.854233920699 + 6509.49269491578i	8.137515876	4.705914615
67	39.3759784051858 - 0.309934887495889i	949.828008229133 + 6604.52754223805i	8.250206079	4.703355301
68	39.3778677600194 - 0.271884768079134i	962.936236539489 + 6699.51486644624i	8.364064151	4.700837916
69	39.3797134645808 - 0.234414826614962i	976.178878547648 + 6794.45359215114i	8.479089739	4.698359892
70	39.3815182959791 - 0.197494778681068i	989.555840448964 + 6889.34266492355i	8.59528203	4.695918825
71	39.3832849924112 - 0.161096202114484i	1003.06697800245 + 6984.18105218429i	8.712639771	4.693512458
72	39.3850162482023 - 0.125192392036468i	1016.71210115102 + 7078.96774245i	8.831161311	4.691138676
73	39.3867146742262 - 0.089758244469606i	1030.49097666641 + 7173.70174485053i	8.950844623	4.688795492
74	39.3883828526399 - 0.0547701383535079i	1044.40333230589 + 7268.3820900193i	9.071687344	4.686481041
75	39.3900232889288 - 0.0202058382688963i	1058.44885860404 + 7363.00783030071i	9.193686786	4.684193569
76	39.3916384181748 + 0.0139555924633112i	1072.62721302766 + 7457.57803865296i	9.316839972	4.681931431
77	39.3932306224184 + 0.0477339011444518i	1086.93802143655 + 7552.09180782513i	9.441143654	4.679693077
78	39.3948022169262 + 0.081147703754605i	1101.38088148415 + 7646.54825352632i	9.566594337	4.677477051
