%"Freq [GHz]","Zc(olms) []","loss(dB/mm) []","neff []","gamma []"
active_data = [
4,61.2782025496681 - 34.3561543023634i,348.507086170764 + 540.536568948718i,3.02713255,6.447716354
5,58.0367242037125 - 29.0773765216837i,379.948916566582 + 633.527448563413i,3.300236289,6.04555625
6,55.8593986299733 - 25.1268028282223i,406.960171607006 + 724.582630098346i,3.534856051,5.762056374
7,54.3306225383057 - 22.030023434815i,430.853587694937 + 814.350895267534i,3.742394263,5.550784574
8,53.2257033982668 - 19.5236233666183i,452.462397634536 + 903.179613084124i,3.930088386,5.386727094
9,52.4117457665162 - 17.4472343152812i,472.336347133602 + 991.267427381422i,4.102713511,5.255198935
10,51.8048444383767 - 15.6964311397531i,490.848509314159 + 1078.73770951631i,4.263510152,5.147029948
11,51.3493203063554 - 14.199626314036i,508.258557299659 + 1165.67553335976i,4.414733829,5.056218467
12,51.0067561393143 - 12.9057048850443i,524.752215738253 + 1252.1463952041i,4.557997746,4.978685535
13,50.7498079796723 - 11.7769379314491i,540.466541424022 + 1338.20555040422i,4.694492379,4.911569673
14,50.5585169411909 - 10.7847026207891i,555.506361789154 + 1423.90240103278i,4.825128259,4.85280702
15,50.4180145002269 - 9.90677786969577i,569.954996363189 + 1509.28234833094i,4.950629098,4.800871351
16,50.3170407626733 - 9.12557252248134i,583.881248412716 + 1594.38742069405i,5.071592524,4.754607939
17,50.2469545405054 - 8.42692749549449i,597.343914755265 + 1679.25639057212i,5.188529244,4.713124618
18,50.2010524423712 - 7.79928479441243i,610.394695495164 + 1763.92465956201i,5.301888325,4.675718548
19,50.1740910817836 - 7.23309492924866i,623.080035993996 + 1848.42419004804i,5.412073193,4.641826217
20,50.1619414984058 - 6.72038606117313i,635.442289794285 + 1932.78348923104i,5.519451729,4.610988573
21,50.1613349420275 - 6.2544451639815i,647.520454927816 + 2017.02765489984i,5.624362672,4.582826256
22,50.1696748453037 - 5.82957562649381i,659.350638980951 + 2101.17852478496i,5.72711965,4.55702181
23,50.1848928202619 - 5.44091186464514i,670.966363115336 + 2185.25486476585i,5.82801383,4.533306618
24,50.2053383542653 - 5.08427449406054i,682.398765589308 + 2269.27262255261i,5.927315678,4.511451226
25,50.2296935019307 - 4.75605552407856i,693.676767700343 + 2353.24514997706i,6.025276404,4.491257942
26,50.2569062092553 - 4.45312656838186i,704.827189649699 + 2437.18349830549i,6.122128969,4.472555264
27,50.2861375547769 - 4.17276450213759i,715.874868411018 + 2521.09665933278i,6.218089107,4.45519346
28,50.3167198205855 - 3.91259031304856i,726.842765835038 + 2604.99181299894i,6.313356264,4.439041099
29,50.3481233116419 - 3.67051929632652i,737.752068569136 + 2688.87456490902i,6.408114468,4.423982289
30,50.3799293330639 - 3.44471897111814i,748.622297383043 + 2772.74913857604i,6.502533275,4.409914393
31,50.4118094961415 - 3.23357408075465i,759.471401172299 + 2856.61859418537i,6.596768591,4.396746226
32,50.4435074412827 - 3.03565754024805i,770.315864398415 + 2940.48497295462i,6.690963598,4.384396482
33,50.4748257685552 - 2.8497050263882i,781.170800808615 + 3024.34946267007i,6.785249576,4.372792475
34,50.5056140602604 - 2.67459415020801i,792.050052301191 + 3108.21252204106i,6.879746754,4.36186905
35,50.5357601783868 - 2.50932618690213i,802.966276985448 + 3192.07399979717i,6.974565082,4.351567665
36,50.5651825505335 - 2.35301049570423i,813.931038297864 + 3275.9332369935i,7.069804999,4.341835609
37,50.5938242599699 - 2.20485151142474i,824.954885295155 + 3359.78915414596i,7.165558134,4.332625329
38,50.6216480914076 - 2.06413678346676i,836.047434322703 + 3443.64031819291i,7.261908015,4.323893832
39,50.6486325136498 - 1.93022740775809i,847.21743845995 + 3527.48501671358i,7.35893067,4.315602195
40,50.6747683940525 - 1.80254923159367i,858.472857448172 + 3611.32130624468i,7.45669524,4.307715108
41,50.7000565241319 - 1.68058534660696i,869.820918238272 + 3695.14706159754i,7.555264496,4.300200499
42,50.7245053413308 - 1.56386958716737i,881.268177460991 + 3778.96001490249i,7.654695389,4.293029184
43,50.7481291618466 - 1.45198086361836i,892.820572304424 + 3862.75778943773i,7.755039491,4.286174577
44,50.7709467794723 - 1.34453810580046i,904.483470713762 + 3946.53793094576i,7.856343427,4.279612421
45,50.7929804496099 - 1.24119592532976i,916.261719770827 + 4030.29792555797i,7.958649298,4.273320555
46,50.8142547734959 - 1.14164075956193i,928.159684607695 + 4114.03522514856i,8.061995021,4.267278708
47,50.8347960539391 - 1.04558754450444i,940.181290292317 + 4197.74726356798i,8.166414687,4.261468316
48,50.8546317580221 - 0.952776641475472i,952.33005485996 + 4281.43146732881i,8.271938857,4.255872355
49,50.8737899052088 - 0.862971311436643i,964.609123175459 + 4365.08527334002i,8.378594844,4.250475202
50,50.8922987788902 - 0.775955299279279i,977.021298099899 + 4448.70613076415i,8.486406995,4.245262492
51,50.9101866427491 - 0.691530819254042i,989.569064593051 + 4532.29151769483i,8.595396895,4.240221018
52,50.9274813928092 - 0.609516762262377i,1002.254619152 + 4615.83893941828i,8.705583622,4.235338611
53,50.9442104877394 - 0.529747004657602i,1015.07988921318 + 4699.34594118657i,8.816983918,4.230604058
54,50.9604007990668 - 0.45206897633945i,1028.04655664771 + 4782.8101049866i,8.929612391,4.226007008
55,50.976078482988 - 0.376342419473987i,1041.15607578997 + 4866.22906056864i,9.043481674,4.221537904
56,50.991268863547 - 0.30243819418881i,1054.4096919127 + 4949.60048123934i,9.158602584,4.21718791
57,51.0059965139045 - 0.230237279747487i,1067.8084580555 + 5032.922089754i,9.274984267,4.212948851
58,51.020285037955 - 0.159629819108578i,1081.35324937983 + 5116.1916566927i,9.392634324,4.208813154
59,51.0341573135779 - 0.0905142987474801i,1095.04477585656 + 5199.40700609912i,9.511558923,4.204773805
60,51.0476351936102 - 0.0227968575540534i,1108.88359801479 + 5282.56601071273i,9.631762932,4.200824294
61,51.0607396700211 + 0.0436094205644854i,1122.87013523622 + 5365.66659762453i,9.753249995,4.196958581
62,51.0734909372505 + 0.108785117394507i,1137.0046791727 + 5448.70674092052i,9.876022643,4.193171054
63,51.0859082702499 + 0.172804997118073i,1151.28740143262 + 5531.68447001078i,10.00008237,4.189456495
64,51.0980101360444 + 0.235738489133445i,1165.71836504093 + 5614.597862288i,10.12542972,4.185810052
65,51.1098141958678 + 0.297650153423909i,1180.29753066108 + 5697.44504694323i,10.25206435,4.182227207
66,51.1213373162422 + 0.358600066531982i,1195.02476588712 + 5780.2242020264i,10.37998512,4.178703752
67,51.132595602434 + 0.418644162881517i,1209.89985150811 + 5862.93355467027i,10.50919011,4.175235766
68,51.1436044648851 + 0.477834613765944i,1224.92248842304 + 5945.57138138061i,10.63967673,4.171819593
69,51.1543785862543 + 0.536220078533994i,1240.09230460318 + 6028.13600085673i,10.77144176,4.168451815
70,51.1649319839299 + 0.59384598206391i,1255.40885949274 + 6110.62578362974i,10.90448135,4.16512925
71,51.1752780443559 + 0.650754795476512i,1270.87164960867 + 6193.03914384856i,11.03879115,4.161848921
72,51.1854295462913 + 0.706986216966707i,1286.4801141583 + 6275.37453819782i,11.17436627,4.158608045
73,51.1953986820445 + 0.762577411015469i,1302.23363931931 + 6357.63046708006i,11.31120139,4.155404021
74,51.2051970802146 + 0.817563176253425i,1318.13156109777 + 6439.80547504204i,11.44929074,4.152234416
75,51.2148358319072 + 0.871976119291426i,1334.17317182135 + 6521.89814550072i,11.58862817,4.149096953
76,51.2243255324258 + 0.925846825946387i,1350.35772080114 + 6603.90710454791i,11.72920716,4.145989499
77,51.233676297475 + 0.979203985083286i,1366.6844205487 + 6685.8310150402i,11.87102088,4.142910058
78,51.2428977807386 + 1.03207454147357i,1383.15244756335 + 6767.66858002611i,12.01406216,4.139856759
79,51.2519992044798 + 1.08448379946931i,1399.76094679512 + 6849.41854017076i,12.15832358,4.136827847
80,51.2609893418527 + 1.13645554173152i,1416.50903366925 + 6931.07966986272i,12.30379747,4.133821679
81,51.269876616728 + 1.18801212856455i,1433.39579691096 + 7012.65078213387i,12.45047589,4.130836711
